1
88865;20976;1.355e+07
2
88876;20976;1.354e+07
4
13842;13002;-6.405e+07
8
13853;13002;-6.400e+07
16
1782;6340;9.327e+08
32
828;4236;1.341e+09
64
324;2408;1.948e+09
1
88810;20976;1.355e+07
2
89134;20976;1.351e+07
4
13845;13002;-6.404e+07
8
13878;13002;-6.388e+07
16
1771;6340;9.384e+08
32
835;4236;1.330e+09
64
358;2408;1.763e+09
1
88783;20976;1.356e+07
2
  Loading gcc/5.1.0
  Loading openmpi/2.1.1 for compiler gcc-5.1.0
1
457101;47244;4.585e+06
2
482984;47244;4.339e+06
4
71010;29254;1.054e+06
8
70339;29254;1.064e+06
16
8638;14224;-2.319e+07
32
3957;9474;3.268e+08
64
1105;5378;-1.016e+09
1
457105;47244;4.585e+06
2
475468;47244;4.408e+06
4
70831;29254;1.057e+06
8
70366;29254;1.064e+06
16
8659;14224;-2.313e+07
32
3721;9474;3.475e+08
64
1019;5378;-1.102e+09
1
457122;47244;4.585e+06
2
483005;47244;4.339e+06
4
70282;29254;1.065e+06
8
73647;29254;1.016e+06
16
8664;14224;-2.312e+07
32
3733;9474;3.464e+08
64
